type,	 value
0,	0.693951845169
0,	2.00845599174
0,	1.83487510681
0,	1.012611866
0,	1.71015381813
0,	0.739032030106
0,	1.62333583832
0,	0.592934131622
0,	2.05222797394
0,	1.36331295967
0,	1.01532101631
0,	0.662863016129
0,	0.722587108612
0,	1.46656608582
0,	1.26085615158
0,	0.737453937531
0,	1.63636302948
0,	1.79811406136
0,	0.720555067062
0,	1.87668204308
0,	0.81614112854
0,	1.74152994156
0,	1.84948706627
0,	0.646028995514
0,	1.22934317589
0,	1.59223103523
0,	1.49086403847
0,	1.44279098511
0,	1.81862688065
0,	1.36748099327
1,	38.8109998703
1,	40.1319999695
1,	31.1129999161
1,	36.7939999104
1,	35.7200000286
1,	34.8439998627
1,	34.6870000362
1,	25.6029999256
1,	28.8559999466
1,	46.3240001202
1,	35.3619999886
1,	28.8860001564
1,	37.0210001469
1,	36.993999958
1,	47.489000082
1,	32.2279999256
1,	35.0809998512
1,	29.8399999142
1,	31.0699999332
1,	40.0770001411
1,	30.5329999924
1,	45.9629998207
1,	35.0050001144
1,	42.6139998436
1,	26.8789999485
1,	33.8890001774
1,	31.0710000992
1,	31.5169999599
1,	34.7139999866
1,	31.2810001373
2,	7.48721790314
2,	8.02576088905
2,	8.55358886719
2,	7.6897418499
2,	8.51695895195
2,	7.53585886955
2,	6.94858789444
2,	10.1287009716
2,	7.55583786964
2,	10.1419241428
2,	8.21583795547
2,	7.54128694534
2,	8.23917198181
2,	9.237637043
2,	9.57176494598
2,	9.42198991776
2,	8.23991394043
2,	6.82970499992
2,	8.35610103607
2,	8.11237692833
2,	7.76310515404
2,	9.43615317345
2,	9.13543605804
2,	10.3672158718
2,	9.06888198853
2,	8.27869296074
2,	9.08572483063
2,	10.0491540432
2,	7.60681509972
2,	8.57793498039
3,	110.240305185
3,	15.0438611507
3,	52.8900249004
3,	53.8240790367
3,	64.8387079239
3,	40.8863391876
3,	15.105864048
3,	74.8402810097
3,	43.4314842224
3,	50.9769158363
3,	31.3177919388
3,	30.5357468128
3,	67.6948721409
3,	41.6343810558
3,	46.5056598186
3,	20.2421579361
3,	68.9209420681
3,	74.4612588882
3,	60.1184380054
3,	43.1904711723
3,	75.9253430367
3,	57.1072659492
3,	40.500316143
3,	53.9810869694
3,	52.7580170631
3,	41.9323980808
3,	63.3466229439
3,	55.6161811352
3,	16.1759250164
3,	54.8751378059
4,	0.421728134155
4,	0.461645126343
4,	0.443969011307
4,	0.542635917664
4,	0.478316068649
4,	0.546873092651
4,	0.500712156296
4,	0.466435194016
4,	0.588276863098
4,	0.42911696434
4,	0.513200998306
4,	0.68675494194
4,	0.408138036728
4,	0.575678110123
4,	0.45351099968
4,	0.481495141983
4,	0.519713878632
4,	0.425035953522
4,	0.427207946777
4,	0.464025974274
4,	0.414435863495
4,	0.465440034866
4,	0.413029909134
4,	0.425311088562
4,	0.470291852951
4,	0.562534809113
4,	0.436486005783
4,	0.436111927032
4,	0.502986192703
4,	0.44331908226
5,	2.74815702438
5,	2.77615904808
5,	2.50914406776
5,	2.7721581459
5,	2.69415402412
5,	2.84816288948
5,	2.78815889359
5,	2.7851600647
5,	2.8321621418
5,	2.70315480232
5,	2.76415896416
5,	2.86016321182
5,	2.85716295242
5,	2.73615717888
5,	2.71015501022
5,	2.67115211487
5,	2.94616889954
5,	2.94616794586
5,	2.971170187
5,	2.72315597534
5,	3.04117393494
5,	2.69815397263
5,	2.75115704536
5,	2.80715990067
5,	2.69115400314
5,	2.87316393852
5,	3.1741809845
5,	2.8761639595
5,	3.10117816925
5,	2.9361679554
6,	2.74460482597
6,	3.41390609741
6,	4.07067394257
6,	3.00322699547
6,	2.73859786987
6,	3.63797497749
6,	4.08985519409
6,	2.83920097351
6,	2.41109991074
6,	3.06168603897
6,	3.47264695168
6,	2.66819190979
6,	4.67101693153
6,	2.92556405067
6,	2.68336391449
6,	2.46645903587
6,	2.71274399757
6,	3.93094110489
6,	3.55769681931
6,	3.63278913498
6,	2.55999207497
6,	2.44994187355
6,	4.44151306152
6,	3.28771996498
6,	3.45456290245
6,	3.08222913742
6,	2.90122389793
6,	2.9955739975
6,	3.3817448616
6,	2.87447214127
7,	7.95245480537
7,	7.39142203331
7,	8.70249795914
7,	8.82550501823
7,	7.75744390488
7,	7.83144807816
7,	8.40548110008
7,	7.94945383072
7,	10.479598999
7,	8.70249700546
7,	7.74244308472
7,	8.08946299553
7,	9.14552307129
7,	9.667552948
7,	9.28653097153
7,	7.63943696022
7,	8.46848392487
7,	7.88345098495
7,	7.69144010544
7,	7.98945713043
7,	8.03946018219
7,	10.2455859184
7,	8.05646109581
7,	10.0805768967
7,	7.93345403671
7,	7.87644982338
7,	9.17952489853
7,	7.5834338665
7,	9.08251976967
7,	8.94051098824
8,	8.11326408386
8,	9.44832491875
8,	7.8545730114
8,	9.56202912331
8,	8.94912481308
8,	9.1384499073
8,	8.66489386559
8,	8.41945695877
8,	9.58685493469
8,	7.72660088539
8,	9.10090589523
8,	11.4799587727
8,	7.3877120018
8,	9.37138700485
8,	9.42141604424
8,	8.02043390274
8,	8.19269299507
8,	8.05592107773
8,	12.0285661221
8,	10.3151879311
8,	6.78656506538
8,	9.57568502426
8,	8.20711898804
8,	8.8443171978
8,	9.76364398003
8,	8.25279808044
8,	8.56423807144
8,	8.96120691299
8,	12.6108448505
8,	10.1798610687
9,	24.3103909492
9,	64.8447079659
9,	66.2507901192
9,	17.6810109615
9,	64.441685915
9,	64.0686647892
9,	52.5250039101
9,	64.2336740494
9,	55.7401881218
9,	59.4604010582
9,	44.6815559864
9,	55.4331710339
9,	39.1552400589
9,	63.2256159782
9,	75.2983059883
9,	35.253015995
9,	55.454171896
9,	56.0742070675
9,	100.151728153
9,	67.40685606
9,	150.139586926
9,	52.1519830227
9,	34.4959731102
9,	75.7013299465
9,	14.0488028526
9,	22.0042591095
9,	57.7653040886
9,	10.6076071262
9,	11.3786501884
9,	88.3860549927
10,	12.7256410122
10,	13.8334991932
10,	19.0164780617
10,	15.2948021889
10,	17.7279930115
10,	14.4749858379
10,	16.9718821049
10,	14.4328670502
10,	16.2246301174
10,	16.7482728958
10,	16.2967112064
10,	13.1025309563
10,	16.3246569633
10,	15.7101829052
10,	13.7912349701
10,	14.6919569969
10,	15.3382399082
10,	14.3826789856
10,	13.0613088608
10,	29.966463089
10,	16.8274171352
10,	18.8118760586
10,	17.0321309566
10,	18.2996299267
10,	12.2906711102
10,	14.5512471199
10,	13.1115000248
10,	13.5655629635
10,	14.6603281498
10,	16.9064221382
11,	199.825429916
11,	117.707731962
11,	152.519722939
11,	142.374144077
11,	137.430860996
11,	121.569953918
11,	135.488749027
11,	207.489866972
11,	170.126730919
11,	129.192389011
11,	141.996122122
11,	136.958832979
11,	142.160130978
11,	126.225219011
11,	129.016379833
11,	128.769366026
11,	204.631704092
11,	121.353940964
11,	158.622072935
11,	155.627901077
11,	144.10324192
11,	167.690591097
11,	92.0522661209
11,	130.905487061
11,	120.53489399
11,	187.0776999
11,	125.258165121
11,	136.425802946
11,	163.26033783
11,	173.268909931
